    0.0000000  -0.0000989
    0.2000000   0.0083382
    0.4000000   0.0086923
    0.6000000   0.0087204
    0.8000000   0.0087484
    1.0000000   0.0087764
    1.2000000   0.0088044
    1.4000000   0.0088324
    1.6000000   0.0088603
    1.8000000   0.0088883
    2.0000000   0.0089163
    2.2000000   0.0089443
    2.4000000   0.0089723
    2.6000000   0.0090003
    2.8000000   0.0090282
    3.0000000   0.0090562
    3.2000000   0.0090842
    3.4000000   0.0091122
    3.6000000   0.0091402
    3.8000000   0.0091681
    4.0000000   0.0091961
    4.2000000   0.0092241
    4.4000000   0.0092521
    4.6000000   0.0092801
    4.8000000   0.0093081
    5.0000000   0.0093360
    5.2000000   0.0093640
    5.4000000   0.0093920
    5.6000000   0.0094200
    5.8000000   0.0094480
    6.0000000   0.0094759
    6.2000000   0.0095039
    6.4000000   0.0095319
    6.6000000   0.0095599
    6.8000000   0.0095879
    7.0000000   0.0096158
    7.2000000   0.0096438
    7.4000000   0.0096718
    7.6000000   0.0096998
    7.8000000   0.0097278
    8.0000000   0.0097558
    8.2000000   0.0097837
    8.4000000   0.0098117
    8.6000000   0.0098397
    8.8000000   0.0098677
    9.0000000   0.0098957
    9.2000000   0.0099236
    9.4000000   0.0099516
    9.6000000   0.0099796
    9.8000000   0.0100076
   10.0000000   0.0100356

    0.0000000  -0.0002472
    0.2000000   0.0208374
    0.4000000   0.0217225
    0.6000000   0.0217928
    0.8000000   0.0218628
    1.0000000   0.0219327
    1.2000000   0.0220027
    1.4000000   0.0220726
    1.6000000   0.0221426
    1.8000000   0.0222125
    2.0000000   0.0222825
    2.2000000   0.0223524
    2.4000000   0.0224224
    2.6000000   0.0224924
    2.8000000   0.0225623
    3.0000000   0.0226323
    3.2000000   0.0227022
    3.4000000   0.0227722
    3.6000000   0.0228421
    3.8000000   0.0229121
    4.0000000   0.0229820
    4.2000000   0.0230520
    4.4000000   0.0231219
    4.6000000   0.0231919
    4.8000000   0.0232618
    5.0000000   0.0233318
    5.2000000   0.0234017
    5.4000000   0.0234717
    5.6000000   0.0235417
    5.8000000   0.0236116
    6.0000000   0.0236816
    6.2000000   0.0237515
    6.4000000   0.0238215
    6.6000000   0.0238914
    6.8000000   0.0239614
    7.0000000   0.0240313
    7.2000000   0.0241013
    7.4000000   0.0241712
    7.6000000   0.0242412
    7.8000000   0.0243111
    8.0000000   0.0243811
    8.2000000   0.0244510
    8.4000000   0.0245210
    8.6000000   0.0245910
    8.8000000   0.0246609
    9.0000000   0.0247309
    9.2000000   0.0248008
    9.4000000   0.0248708
    9.6000000   0.0249407
    9.8000000   0.0250107
   10.0000000   0.0250806

    0.0000000  -0.0004943
    0.2000000   0.0416628
    0.4000000   0.0434324
    0.6000000   0.0435731
    0.8000000   0.0437130
    1.0000000   0.0438529
    1.2000000   0.0439928
    1.4000000   0.0441327
    1.6000000   0.0442726
    1.8000000   0.0444125
    2.0000000   0.0445524
    2.2000000   0.0446923
    2.4000000   0.0448323
    2.6000000   0.0449722
    2.8000000   0.0451121
    3.0000000   0.0452520
    3.2000000   0.0453919
    3.4000000   0.0455318
    3.6000000   0.0456717
    3.8000000   0.0458116
    4.0000000   0.0459515
    4.2000000   0.0460914
    4.4000000   0.0462313
    4.6000000   0.0463712
    4.8000000   0.0465111
    5.0000000   0.0466510
    5.2000000   0.0467910
    5.4000000   0.0469309
    5.6000000   0.0470708
    5.8000000   0.0472107
    6.0000000   0.0473506
    6.2000000   0.0474905
    6.4000000   0.0476304
    6.6000000   0.0477703
    6.8000000   0.0479102
    7.0000000   0.0480501
    7.2000000   0.0481900
    7.4000000   0.0483299
    7.6000000   0.0484698
    7.8000000   0.0486097
    8.0000000   0.0487496
    8.2000000   0.0488896
    8.4000000   0.0490295
    8.6000000   0.0491694
    8.8000000   0.0493093
    9.0000000   0.0494492
    9.2000000   0.0495891
    9.4000000   0.0497290
    9.6000000   0.0498689
    9.8000000   0.0500088
   10.0000000   0.0501487

